-4.499952970373
-2.999899322602
-1.500019755128
.000008444832
1.500011414025
2.999992121030
4.499985899850
5.999991575586
7.500002410098
9.000015771977
10.500030973030
12.000047730524
13.500065824212
15.000085063790
16.500105288870
18.000126365971
19.500148184015
21.000170650128
22.500193686186
24.000217226054
25.500241213395
27.000265599940
28.500290344098
30.000315409850
31.500340765844
33.000366384669
34.500392242256
36.000418317382
37.500444591263
39.000471047218
40.500497670378
42.000524447447
43.500551366503
45.000578416905
46.500605585820
48.000632945633
49.500659048612
51.000701666268
52.500611437325
54.001193362824
