-3.076076212702
-1.652199455032
-.532822284823
-.044714498780
.175097849753
.295681582284
.373089016623
.427578750592
.468179417261
.499648350002
.524771810803
.545300514642
.562392810087
.576846723405
.589230381476
.599959432001
.609345076589
.617624988022
.624983842073
.631567324558
.637491914189
.642851857984
.647724237159
.652172707241
.656250300551
.660001554476
.663464147557
.666670171323
.669647129151
.672418728147
.675005512458
.677425373849
.679693966461
.681825046070
.683830749402
.685721826256
.687507795392
.689195984129
.690685332117
.683648483687
