-3.076007588704
-1.652199857197
-.532819152824
-.044715496724
.175096584599
.295682185050
.373090089472
.427579324717
.468179261072
.499647472928
.524770262470
.545298345816
.562390068307
.576843452636
.589226622029
.599955220599
.609340446555
.617619969537
.624978462464
.631561608579
.637485884291
.642845534561
.647717638770
.652165850806
.656243201530
.659994227020
.663456604647
.666662424893
.669639190190
.672410606795
.674997218088
.677416915142
.679685351470
.681816282279
.683821843811
.685712784488
.687498639303
.689186523930
.690677179342
.683633464742
