-4.499815320212
-2.999972687260
-1.499999563025
-.000001405569
1.499999157668
2.999999546534
4.499999742834
5.999999844929
7.499999901643
8.999999935020
10.499999955605
11.999999968800
13.499999977537
14.999999983485
16.499999987634
17.999999990589
19.499999992733
20.999999994316
22.499999995502
23.999999996402
25.499999997094
26.999999997632
28.499999998055
29.999999998390
31.499999998658
32.999999998874
34.499999999050
35.999999999194
37.499999999312
38.999999999410
40.499999999492
41.999999999561
43.499999999618
44.999999999667
46.499999999980
47.999999999999
49.500000000000
51.000000000000
52.500000000000
54.000000000000
