-4.500000000000
-3.000000000000
-1.500000000000
.000000000000
1.500000000000
3.000000000000
4.500000000000
6.000000000000
7.500000000000
9.000000000000
10.500000000000
12.000000000000
13.500000000000
15.000000000000
16.500000000000
18.000000000000
19.500000000000
21.000000000000
22.500000000000
24.000000000000
25.500000000000
27.000000000000
28.500000000000
30.000000000000
31.500000000000
33.000000000000
34.500000000000
36.000000000000
37.500000000000
39.000000000000
40.500000000000
42.000000000000
43.500000000000
45.000000000000
46.500000000000
48.000000000000
49.500000000000
51.000000000000
52.500000000000
54.000000000000
