-3.076117902192
-1.652235804384
-.532825315343
-.044716087675
.175096613946
.295682227134
.373090111666
.427579336190
.468179267378
.499647476605
.524770264721
.545298347249
.562390069251
.576843453276
.589226622473
.599955220914
.609340446783
.617619969705
.624978462589
.631561608674
.637485884364
.642845534618
.647717638814
.652165850841
.656243201558
.659994227043
.663456604666
.666662424908
.669639190202
.672410606805
.674997218096
.677416915150
.679685351476
.681816282284
.683821843811
.685712784488
.687498639303
.689186523930
.690677179342
.683633464742
