-3.075726764013
-1.651990534208
-.532675403854
-.044679320884
.175108944512
.295684154552
.373090559445
.427579387177
.468179276103
.499647477282
.524770264767
.545298347232
.562390069241
.576843453271
.589226622471
.599955220913
.609340446782
.617619969704
.624978462589
.631561608674
.637485884364
.642845534618
.647717638814
.652165850841
.656243201558
.659994227043
.663456604666
.666662424908
.669639190202
.672410606805
.674997218096
.677416915150
.679685351476
.681816282284
.683821843811
.685712784488
.687498639303
.689186523930
.690677179342
.683633464742
