-4.499462993818
-2.999559968964
-1.499382568031
.000131892272
1.500084611448
3.000010350664
4.500004290505
6.000000359282
7.500000105389
9.000000004773
10.500000000360
11.999999999572
13.499999999770
14.999999999886
16.499999999942
17.999999999970
19.499999999983
20.999999999990
22.499999999994
23.999999999996
25.499999999998
26.999999999999
28.499999999999
29.999999999999
31.500000000000
33.000000000000
34.500000000000
36.000000000000
37.500000000000
39.000000000000
40.500000000000
42.000000000000
43.500000000000
45.000000000000
46.500000000000
48.000000000000
49.500000000000
51.000000000000
52.500000000000
54.000000000000
